decisions based on pose detection
takeoff: left arm raises
land: both arms raised

throttle: left arm up and down
yaw: left arm left and right
pitch: right arm front and back
roll: right arm left and right

demo1: 
throttle, yaw
pitch, roll
pitch + roll combination
start_frame=35
end_frame=422
throttle = [(364,0,-1,378),(379,-1,1,394),(395,1,-1,414),(415,-1,0,422)]
pitch = [(172,0,-1,178),(189,-1,0,196),(199,0,1,209),(216,1,0,225),(230,0,-1,240),(241,-1,0,249),(252,0,-1,261),(262,-1,0,267),(269,0,1,280),(281,1,0,289),(294,0,1,303),(304,1,0,311)] #p
roll = [(127,0,-1,135),(136,-1,0,146),(150,0,1,161),(162,1,0,166),(230,0,-1,240),(241,-1,0,249),(252,0,1,261),(262,1,0,267),(269,0,-1,280),(281,-1,0,289),(294,0,1,303),(304,1,0,311)] #r
yaw = [(49,0,-1,54),(61,-1,1,67),(72,1,0,77)]

demo2:
throttle
start_frame=1
end_frame=308
throttle = [(28,0,-1,47),(48,-1,0,59),(71,0,1,87),(88,1,0,105),(112,0,-1,125),(130,-1,0,139),(145,0,1,159),(160,1,-0.5,176),(178,-0.5,0,185),(223,0,-1,235),(237,-1,0,247),(259,0,1,273),(276,1,0,288)]
pitch = [(1,0,0,308)] #p
roll = [(1,0,0,308)] #r
yaw = [(1,0,0,308)]

demo3:
pitch
start_frame=1
end_frame=232
throttle = [(1,0,0,232)]
pitch = [(12,0,1,37),(41,1,-1,90),(91,-1,0,108),(119,0,-1,135),(145,-1,0,161),(185,0,1,211),(212,1,0,226)] #p
roll = [(1,0,0,232)] #r
yaw = [(1,0,0,232)]

demo4: 
roll
start_frame=1
end_frame=299
throttle = [(1,0,0,299)]
pitch = [(1,0,0,299)] #p
roll = [(12,0,-1,45),(46,-1,0,66),(71,0,1,85),(91,1,0,101),(107,0,-1,125),(126,-1,0,142),(150,0,1,164),(178,1,0,199),(200,0,-1,259),(260,-1,0,299)] #r
yaw = [(1,0,0,299)]

demo5:
yaw
start_frame=1
end_frame=218
throttle = [(1,0,0,218)]
pitch = [(1,0,0,218)] #p
roll = [(1,0,0,218)] #r
yaw = [(1,0,1,26),(37,1,0,58),(73,0,-1,93),(102,-1,0,121),(129,0,1,145),(149,1,0,168),(176,0,-1,195),(196,-1,0,209)]

demo6: 
zero
start_frame=1
end_frame=571
throttle = [(1,0,0,571)]
pitch = [(1,0,0,571)] #p
roll = [(1,0,0,571)] #r
yaw = [(1,0,0,571)]

demo7:
pitch and roll 
start_frame=1
end_frame=921
throttle = [(1,0,0,921)]
pitch = [(107,0,1,173),(190,1,0,238),(295,0,-1,339),(375,-1,0,409),(693,0,1,727),(728,1,0,750),(760,0,-1,783),(789,-1,0,802)] #p
roll = [(424,0,-1,494),(495,-1,0,552),(556,0,1,591),(661,1,0,680),(829,0,-1,860),(861,-1,0,877),(884,0,1,891),(892,1,0,904)] #r
yaw = [(1,0,0,921)]

demo8:
pitch and throttle and yaw
start_frame=1
end_frame=636
throttle = [(311,0,-1,327),(333,-1,0,346),(355,0,1,372),(376,1,0,390),(400,0,-1,416),(421,-1,0,434),(440,0,1,458),(460,1,0,478)]
pitch = [(53,0,-1,80),(92,-1,0,114),(122,0,-1,147),(159,-1,0,180),(188,0,-1,209),(221,-1,0,238),(257,0,-1,279),(282,-1,0,297),(590,0,-1,604),(610,-1,0,625)]#p
roll = [(1,0,0,636)] #r
yaw = [(494,0,1,517),(522,1,0,538),(545,0,-1,559),(567,-1,0,578)]